 <pre>

 Contingency table for Cloud cover (octas)
 Selection: Denmark     21 stations
Period: 20200601-20200630
Used {00,03,...,21} + 01 02 ... 09
 Limits   0.500000000       1.50000000       2.50000000       3.50000000       4.50000000       5.50000000       6.50000000       7.50000000    
 Each class is data <= limit, the very last > last limit
 Total number of values       39037
                                                       OBSERVATION
                                  10160     1463      156      382       64      323       91      496      207 |     13342
                                    931      355       31      156       34      161       39      253      115 |      2075
                                    554      190       20       91       17       85       25      166       74 |      1222
                                    464      180       27       68       13       75       19      163       65 |      1074
                    MNWC_preop      448      160       18       71       13      100       20      188       73 |      1091
                                    384      195       24       97       17      116       29      180       73 |      1115
                                    526      230       19       80       26      129       23      250       96 |      1379
                                    762      374       23      156       37      189       43      427      175 |      2186
                                   1918     1494      116      848      125     1343      278     5982     3449 |     15553

                    SUM           16147     4641      434     1949      346     2521      567     8105     4327 |     39037
                                                       OBSERVATION
                                   8223      951      108      207       29      153       47      210       62 |      9990
                                   1468      446       43      178       25      148       32      277       98 |      2715
                                    877      299       26      115       26      127       25      215      111 |      1821
                                    707      256       25       98       17      110       33      209       99 |      1554
               MEPS_prodmbr000      626      225       21      105       17      132       28      238       92 |      1484
                                    631      244       30      103       29      146       31      289       96 |      1599
                                    749      281       30      124       22      194       45      355      145 |      1945
                                   1127      533       41      196       49      263       62      611      235 |      3117
                                   1739     1406      110      823      132     1248      264     5701     3389 |     14812

                    SUM           16147     4641      434     1949      346     2521      567     8105     4327 |     39037

