 <pre>

 Contingency table for Low clouds (octas)
 Selection: Sweden    121 stations
Period: 20200601-20200630
Used {00,03,...,21} + 01 02 ... 09
 Limits    1.00000000       2.00000000       3.00000000       4.00000000       5.00000000       6.00000000       7.00000000    
 Each class is data <= limit, the very last > last limit
 Total number of values      205900
                                              OBSERVATION
                                 129927     5071     3834     3246     2637     2362     2922     6468 |    156467
                                   1559      529      346      356      271      270      330      727 |      4388
                                    981      373      292      281      203      203      255      491 |      3079
                    MNWC_preop      825      363      285      243      193      186      198      449 |      2742
                                    811      338      285      243      170      205      236      430 |      2718
                                    756      328      270      288      197      210      250      527 |      2826
                                   1003      469      409      376      259      272      409      819 |      4016
                                   3566     2968     2708     2612     2039     2383     3123    10265 |     29664

                    SUM          139428    10439     8429     7645     5969     6091     7723    20176 |    205900
                                              OBSERVATION
                                 125683     3870     2890     2327     1897     1695     2186     4714 |    145262
                                   2859      710      557      457      401      365      447      890 |      6686
                                   1792      549      389      404      318      255      313      684 |      4704
               MEPS_prodmbr000     1556      513      376      350      276      253      290      620 |      4234
                                   1397      521      369      364      253      301      331      651 |      4187
                                   1284      522      473      445      312      304      359      709 |      4408
                                   1489      673      614      579      402      470      583     1179 |      5989
                                   3368     3081     2761     2719     2110     2448     3214    10729 |     30430

                    SUM          139428    10439     8429     7645     5969     6091     7723    20176 |    205900

