 <pre>

 Contingency table for Cloud cover (octas)
 Selection: BalticStates     57 stations
Period: 20200601-20200630
Used {00,03,...,21} + 01 02 ... 09
 Limits   0.500000000       1.50000000       2.50000000       3.50000000       4.50000000       5.50000000       6.50000000       7.50000000    
 Each class is data <= limit, the very last > last limit
 Total number of values       61230
                                                       OBSERVATION
                                  18705     1811     1192      782      376      516      533     1039      452 |     25406
                                   1272      301      249      200      115      172      213      448      239 |      3209
                                    655      185      134       98       69       89      159      317      168 |      1874
                                    499      119       81       81       70       67      114      278      134 |      1443
                    MNWC_preop      396       95       78       79       59       66      123      258      143 |      1297
                                    336       97       80       64       44       82      115      294      147 |      1259
                                    434      114       81       83       66       87      143      372      209 |      1589
                                    638      198      138      121       95      120      238      677      405 |      2630
                                   2015      804      618      684      582      849     1577     8042     7352 |     22523

                    SUM           24950     3724     2651     2192     1476     2048     3215    11725     9249 |     61230
                                                       OBSERVATION
                                  16158     1428      948      591      266      356      357      573      230 |     20907
                                   2097      416      308      240      118      200      236      452      213 |      4280
                                   1130      244      197      162       93      123      192      355      189 |      2685
                                    839      153      136      108       95      116      181      339      171 |      2138
               MEPS_prodmbr000      752      178      122      114       64      109      186      348      196 |      2069
                                    638      141      106      110       82      128      179      400      228 |      2012
                                    636      177      155      146      114      133      225      547      302 |      2435
                                    897      245      173      190      121      193      332      943      552 |      3646
                                   1803      742      506      531      523      690     1327     7768     7168 |     21058

                    SUM           24950     3724     2651     2192     1476     2048     3215    11725     9249 |     61230

