 <pre>

 Contingency table for Cloud cover (octas)
 Selection: Finland     69 stations
Period: 20200601-20200630
Used {00,03,...,21} + 01 02 ... 09
 Limits   0.500000000       1.50000000       2.50000000       3.50000000       4.50000000       5.50000000       6.50000000       7.50000000    
 Each class is data <= limit, the very last > last limit
 Total number of values      141728
                                                       OBSERVATION
                                  53148     3793     1013     1300      589     1023      505     1982      728 |     64081
                                   4807      954      280      486      220      410      191      969      329 |      8646
                                   2576      575      158      294      131      249      122      603      210 |      4918
                                   2044      496      127      232       97      258       95      522      170 |      4041
                    MNWC_preop     1769      462      105      224       94      263       97      522      178 |      3714
                                   1631      457       96      245       83      251      109      577      180 |      3629
                                   1834      516      126      282      134      306      150      752      264 |      4364
                                   2319      705      174      424      196      469      227     1284      440 |      6238
                                   5239     2488      640     1682      808     2514     1042    14318    13366 |     42097

                    SUM           75367    10446     2719     5169     2352     5743     2538    21529    15865 |    141728
                                                       OBSERVATION
                                  43284     2642      689      810      338      558      267     1008      304 |     49900
                                   7053     1119      326      477      202      388      194      831      272 |     10862
                                   4140      759      187      358      166      311      151      649      194 |      6915
                                   3253      647      158      292      135      313      116      618      190 |      5722
               MEPS_prodmbr000     2911      592      163      305      144      356      166      699      218 |      5554
                                   2674      609      153      340      158      357      161      746      266 |      5464
                                   2851      682      171      416      165      436      204     1023      286 |      6234
                                   3728     1036      258      558      268      674      309     1748      665 |      9244
                                   5473     2360      614     1613      776     2350      970    14207    13470 |     41833

                    SUM           75367    10446     2719     5169     2352     5743     2538    21529    15865 |    141728

