 <pre>

 Contingency table for Cloud base (m)
 Selection: Finland     71 stations
Period: 20200601-20200630
Used {00,03,...,21} + 01 02 ... 09
 Limits    70.0000000       150.000000       300.000000       600.000000       1000.00000       1500.00000       2500.00000       5000.00000    
 Each class is data <= limit, the very last > last limit
 Total number of values       99805
                                                       OBSERVATION
                                     14       27       43       21       19       13       18       30       88 |       273
                                      6       22      180       60       57       45       38       32       19 |       459
                                     12       22      332      281      136      103      117       64       32 |      1099
                                      9       20      242      642      472      381      302      176       96 |      2340
                    MNWC_preop       14        6       76      279      646      589      491      337      250 |      2688
                                      9        7       23      113      312      732      851      706      915 |      3668
                                      6       11       65      105      194      410     1237     2044     1898 |      5970
                                      6       14       43       58       87      210      555     2127     1328 |      4428
                                     59       39      154      196      271      425     1198     3461    73077 |     78880

                    SUM             135      168     1158     1755     2194     2908     4807     8977    77703 |     99805
                                                       OBSERVATION
                                     14       28       43       20       18        9       23       24       91 |       270
                                     10       25      214       61       41       38       36       18       21 |       464
                                      5       22      361      294      168      122       98       63        8 |      1141
                                     15       18      212      654      519      401      280      167      116 |      2382
               MEPS_prodmbr000       14        4       69      287      668      619      551      292      244 |      2748
                                      7        9       33      113      297      732      922      724     1162 |      3999
                                      7       14       45       94      172      413     1383     2344     2779 |      7251
                                      6       17       46       45       65      193      479     2096     1242 |      4189
                                     57       31      135      187      246      381     1035     3249    72040 |     77361

                    SUM             135      168     1158     1755     2194     2908     4807     8977    77703 |     99805

