 <pre>

 Contingency table for Cloud cover (octas)
 Selection: Sweden    105 stations
Period: 20200601-20200630
Used {00,03,...,21} + 01 02 ... 09
 Limits   0.500000000       1.50000000       2.50000000       3.50000000       4.50000000       5.50000000       6.50000000       7.50000000    
 Each class is data <= limit, the very last > last limit
 Total number of values      202674
                                                       OBSERVATION
                                  67603     4960     2406     1797     1643     1417     1375     1751     4303 |     87255
                                   6393      915      582      571      494      472      472      704     1933 |     12536
                                   3637      541      331      319      326      292      259      458     1230 |      7393
                                   2821      432      275      267      247      255      254      421     1058 |      6030
                    MNWC_preop     2392      379      287      255      263      240      263      424     1085 |      5588
                                   2372      412      282      283      258      224      256      448     1146 |      5681
                                   2590      460      301      316      293      272      345      515     1357 |      6449
                                   3705      652      482      488      468      490      493      874     2378 |     10030
                                   9547     2715     2013     2140     2125     2617     2943     6840    30772 |     61712

                    SUM          101060    11466     6959     6436     6117     6279     6660    12435    45262 |    202674
                                                       OBSERVATION
                                  54022     3560     1632     1139      970      799      822      913     2167 |     66024
                                   9581     1123      707      622      572      479      463      707     1683 |     15937
                                   5735      764      445      396      394      401      340      596     1384 |     10455
                                   4576      606      348      344      371      321      320      480     1308 |      8674
               MEPS_prodmbr000     4076      622      400      326      334      307      310      529     1331 |      8235
                                   3842      568      382      348      359      375      346      603     1486 |      8309
                                   4165      613      455      469      436      439      479      797     1897 |      9750
                                   5389      929      658      655      634      647      724     1252     3431 |     14319
                                   9674     2681     1932     2137     2047     2511     2856     6558    30575 |     60971

                    SUM          101060    11466     6959     6436     6117     6279     6660    12435    45262 |    202674

