 <pre>

 Contingency table for Low clouds (octas)
 Selection: ALL    215 stations
Period: 20200601-20200630
Used {00,03,...,21} + 01 02 ... 09
 Limits    1.00000000       2.00000000       3.00000000       4.00000000       5.00000000       6.00000000       7.00000000    
 Each class is data <= limit, the very last > last limit
 Total number of values      340899
                                              OBSERVATION
                                 240102     5287     4660     3487     3388     2602     4134     6994 |    270654
                                   2806      554      469      394      409      311      532      836 |      6311
                                   1811      389      399      306      310      229      402      561 |      4407
                    MNWC_preop     1523      383      388      260      275      212      330      533 |      3904
                                   1456      356      395      261      255      226      370      485 |      3804
                                   1427      344      401      313      297      239      381      619 |      4021
                                   1881      493      577      411      432      318      672      979 |      5763
                                   6419     3131     4845     2810     4070     2648     5528    12584 |     42035

                    SUM          257425    10937    12134     8242     9436     6785    12349    23591 |    340899
                                              OBSERVATION
                                 232981     4034     3394     2496     2448     1884     3043     5004 |    255284
                                   5101      739      719      491      550      403      669      996 |      9668
                                   3338      571      530      445      436      291      517      790 |      6918
               MEPS_prodmbr000     2860      543      531      381      398      293      483      727 |      6216
                                   2465      545      513      405      380      339      502      761 |      5910
                                   2272      551      648      482      447      337      583      818 |      6138
                                   2673      699      868      620      626      531      920     1390 |      8327
                                   5735     3255     4931     2922     4151     2707     5632    13105 |     42438

                    SUM          257425    10937    12134     8242     9436     6785    12349    23591 |    340899

