 <pre>

 Contingency table for Cloud cover (octas)
 Selection: ALL    609 stations
Period: 20200601-20200630
Used {00,03,...,21} + 01 02 ... 09
 Limits   0.500000000       1.50000000       2.50000000       3.50000000       4.50000000       5.50000000       6.50000000       7.50000000    
 Each class is data <= limit, the very last > last limit
 Total number of values      897443
                                                       OBSERVATION
                                 214041    30145    19070    12711     7806     9298     8466    11999    12962 |    326498
                                  18427     4723     3662     3664     2611     3553     3565     5709     6715 |     52629
                                  10076     2690     2007     2073     1607     2176     2339     4010     4755 |     31733
                                   7834     2110     1647     1757     1377     1858     2056     3479     4372 |     26490
                    MNWC_preop     6699     1941     1476     1654     1360     1826     2096     3735     4494 |     25281
                                   6274     1903     1467     1655     1354     1959     2311     4086     5077 |     26086
                                   7026     2085     1594     1864     1554     2239     2855     5284     6583 |     31084
                                   9680     2974     2136     2640     2102     3405     4222     8795    11830 |     47784
                                  23266     9979     6796     9348     7537    14576    20421    78438   159497 |    329858

                    SUM          303323    58550    39855    37366    27308    40890    48331   125535   216285 |    897443
                                                       OBSERVATION
                                 174411    22675    14282     8781     4968     5902     5462     6329     6602 |    249412
                                  28544     6351     4815     4145     2803     3658     3676     5345     5936 |     65273
                                  16319     3877     2797     2729     1988     2715     2864     4378     5029 |     42696
                                  12735     3059     2289     2249     1695     2392     2571     4049     4987 |     36026
               MEPS_prodmbr000    11299     2839     2136     2229     1697     2493     2762     4504     5224 |     35183
                                  10524     2681     2056     2276     1880     2602     2951     5202     6213 |     36385
                                  11096     2961     2279     2676     2143     3121     3813     6941     8238 |     43268
                                  14779     4307     2903     3543     2915     4526     5719    11611    15288 |     65591
                                  23616     9800     6298     8738     7219    13481    18513    77176   158768 |    323609

                    SUM          303323    58550    39855    37366    27308    40890    48331   125535   216285 |    897443

