 <pre>

 Contingency table for Cloud base (m)
 Selection: Sweden    123 stations
Period: 20200601-20200630
Used {00,03,...,21} + 01 02 ... 09
 Limits    70.0000000       150.000000       300.000000       600.000000       1000.00000       1500.00000       2500.00000       5000.00000    
 Each class is data <= limit, the very last > last limit
 Total number of values      199291
                                                       OBSERVATION
                                    358      578      492      268      110       45       62       86      423 |      2422
                                     61      361      516      247       62       31       30       19       34 |      1361
                                     65      482     1243      749      205      102       94       57       36 |      3033
                                     67      449     1592     2039     1000      460      335      232      171 |      6345
                    MNWC_preop       61      301      865     1681     2037     1307      846      427      358 |      7883
                                     57      280      720     1039     1537     2740     2842     1095      777 |     11087
                                     67      274      561      830      980     1667     6388     3649     2032 |     16448
                                     58      166      378      627      561      811     3043     5548     2185 |     13377
                                    656      982     1451     1676     2170     3826    11134    15137   100303 |    137335

                    SUM            1450     3873     7818     9156     8662    10989    24774    26250   106319 |    199291
                                                       OBSERVATION
                                    375      662      523      257       79       46       77       74      419 |      2512
                                     55      437      561      234       67       28       28       20       46 |      1476
                                     74      552     1454      857      223       84       85       50       64 |      3443
                                     57      403     1752     2218     1067      396      386      244      178 |      6701
               MEPS_prodmbr000       73      288      851     1947     2451     1498      866      431      465 |      8870
                                     61      264      667      947     1601     3246     3289     1186     1106 |     12367
                                     79      270      496      809      903     1722     7947     4371     3089 |     19686
                                     46      139      281      433      403      610     2403     5306     2306 |     11927
                                    630      858     1233     1454     1868     3359     9693    14568    98646 |    132309

                    SUM            1450     3873     7818     9156     8662    10989    24774    26250   106319 |    199291

