 <pre>

 Contingency table for Low clouds (octas)
 Selection: Finland     69 stations
Period: 20200601-20200630
Used {00,03,...,21} + 01 02 ... 09
 Limits    1.00000000       2.00000000       3.00000000       4.00000000       5.00000000       6.00000000       7.00000000    
 Each class is data <= limit, the very last > last limit
 Total number of values       99685
                                              OBSERVATION
                                  80778      133      667      172      587      158      946      376 |     83817
                                    940       14       95       23      113       27      151       86 |      1449
                                    624        8       82       19       85       17      114       48 |       997
                    MNWC_preop      519       13       87        9       68       19      104       51 |       870
                                    487       10       89       12       68       15       91       39 |       811
                                    518       10      106       18       80       18       92       67 |       909
                                    689       15      139       29      145       32      206      118 |      1373
                                   2140       93     1825      106     1647      173     1811     1664 |      9459

                    SUM           86695      296     3090      388     2793      459     3515     2449 |     99685
                                              OBSERVATION
                                  78620      100      405      119      419      131      678      215 |     80687
                                   1692       15      123       24      126       26      178       76 |      2260
                                   1129       12      107       32       97       28      154       72 |      1631
               MEPS_prodmbr000      981       16      129       24       94       25      144       82 |      1495
                                    827       15      117       29      102       26      132       88 |      1336
                                    759       16      140       24      106       19      169       81 |      1314
                                    897       20      203       23      188       39      242      149 |      1761
                                   1790      102     1866      113     1661      165     1818     1686 |      9201

                    SUM           86695      296     3090      388     2793      459     3515     2449 |     99685

