 <pre>

 Contingency table for Cloud base (m)
 Selection: ALL    219 stations
Period: 20200601-20200630
Used {00,03,...,21} + 01 02 ... 09
 Limits    70.0000000       150.000000       300.000000       600.000000       1000.00000       1500.00000       2500.00000       5000.00000    
 Each class is data <= limit, the very last > last limit
 Total number of values      334422
                                                       OBSERVATION
                                    401      605      548      314      133       58       85      118      537 |      2799
                                     73      391      715      326      126       77       79       55       54 |      1896
                                     78      510     1646     1086      398      240      244      144       73 |      4419
                                     77      474     1942     2848     1596      977      746      474      290 |      9424
                    MNWC_preop       76      309      966     2077     2853     2090     1530      882      690 |     11473
                                     71      289      758     1181     1927     3694     3943     2076     1968 |     15907
                                     77      287      639      969     1239     2201     7993     6244     4569 |     24218
                                     67      183      442      706      683     1076     3738     8373     3975 |     19243
                                    725     1023     1635     1949     2588     4401    12741    19835   200146 |    245043

                    SUM            1645     4071     9291    11456    11543    14814    31099    38201   212302 |    334422
                                                       OBSERVATION
                                    422      691      575      300      103       55      100       98      528 |      2872
                                     66      464      800      305      116       68       66       39       68 |      1992
                                     84      580     1910     1214      450      245      215      120       72 |      4890
                                     73      425     2054     3042     1724      936      771      459      325 |      9809
               MEPS_prodmbr000       88      294      940     2350     3307     2331     1618      854      798 |     12580
                                     68      274      708     1110     1967     4198     4523     2144     2601 |     17593
                                     98      286      554      924     1154     2256     9717     7401     6905 |     29295
                                     52      161      363      498      492      859     3002     8098     4058 |     17583
                                    694      896     1387     1713     2230     3866    11087    18988   196947 |    237808

                    SUM            1645     4071     9291    11456    11543    14814    31099    38201   212302 |    334422

